HOME [-1.678, -0.584, -2.549, -1.482, 1.595, 0.0]


'7500' - OK
WAITING  [-2.226, -1.531, -2.216, -0.804, 1.608, -0.647]
[-2.343, -1.956, -2.08, -0.167, 1.221, -2.461]
[-2.497, -1.83, -2.399, -0.167, 1.221, -1.513]
[-2.215, -1.543, -2.587, -0.761, 1.623, 0.175]
[-1.92, -1.422, -2.467, -0.958, 2.106, 1.161]
[-2.153, -1.883, -1.921, -2.519, 0.991, 0.088]
[-1.975, -1.946, -1.77, -2.481, 1.05, 0.088]
[-2.226, -1.531, -2.216, -0.804, 1.608, -0.647]

'7817'
WAITING  [-1.9, -1.978, -1.63, -0.995, 1.6, -0.192]
[-2.202, -2.13, -1.858, -0.698, 1.647, -1.223]
[-2.046, -2.17, -1.638, -0.858, 1.157, -1.746]
[-2.012, -2.211, -1.581, -0.859, 1.158, -1.788]
[-2.022, -2.329, -1.36, -0.981, 1.232, -2.133]
[-2.14, -2.438, -1.298, -1.106, 1.658, -2.148]
[-1.958, -2.529, -1.053, -1.059, 1.613, -3.129]
[-2.275, -2.393, -1.224, -1.08, 1.631, -2.066]
[-1.862, -1.921, -1.606, -1.049, 1.525, -0.225]
[-1.612, -1.879, -1.798, -0.999, 2.108, 1.638]

'8734'
WAITING [-1.206, -1.757, -1.896, -0.934, 1.534, 0.41]
[-1.178, -1.72, -2.225, -0.948, 1.78, 1.21]
[-1.132, -1.781, -2.248, -0.888, 1.759, 1.253]
[-1.105, -1.757, -2.274, -0.796, 2.193, 1.253]
[-1.393, -1.759, -1.868, -1.248, 1.576, -0.504]
[-1.428, -2.004, -2.161, -0.606, 1.561, -1.181]
[-1.481, -1.79, -2.04, -0.845, 1.53, -1.181]
[-0.982, -1.747, -1.833, -2.179, -0.142, -0.578]
[-1.113, -2.156, -1.648, -0.355, 1.525, -3.136]
[-1.133, -2.336, -1.497, -0.69, 1.525, -3.075]
[-1.141, -2.138, -1.215, -1.246, 1.55, -1.55]

'7506'
WAITING nnq



'9382'
WAITING
